0	-0.00150217	0.0321732	0.00011738	0.0547718	
1	-0.0302202	-0.0111566	0.00539946	-0.00710947	
2	-0.0353232	0.0440744	-0.0165212	0.0436641	
3	0.00769864	0.0240785	-0.0107256	0.00652675	
4	-0.0217429	-0.0336079	-0.0135647	0.0223142	
5	-0.0368088	-0.0484491	0.0206515	0.0216885	
6	-0.0282652	-0.0150659	0.0178564	0.0287765	
7	-0.0172916	-0.0085793	-0.000198078	-0.0538289	
8	0.00961501	0.0141319	0.031377	-0.0327962	
9	0.012404	-0.0567524	0.0403639	0.00278981	
10	-0.0248577	-0.0294739	0.0378769	-0.0290507	
11	-0.0333736	-0.0159486	-0.000667596	-0.00063858	
12	-0.0199369	0.0464431	0.0190008	-0.0448725	
13	0.0316009	0.0302538	0.0342895	-0.0268822	
14	-0.00320316	0.0255485	0.0227423	0.0232227	
15	0.0279062	-0.0333832	0.0186413	0.00374124	
16	-0.0395259	-0.0418245	0.0138728	0.0656139	
17	-0.0234494	-0.0414618	0.0362262	0.0559974	
18	-0.00519686	-0.0545731	0.0452131	0.0080437	
19	0.0023361	0.00773196	-0.0115105	0.0655967	
20	-0.0362289	-0.064449	-0.0152593	0.082027	
21	0.0187827	-0.0738757	-0.00603771	0.00747818	
22	0.0447394	-0.0427424	-0.0273127	-0.0111721	
23	-0.0241728	0.00195465	0.00169467	0.0160917	
24	-0.0230849	-0.0148926	0.00689605	0.0510692	
25	-0.0271109	0.0441418	0.0497909	-0.0204629	
26	-0.0551331	0.0433651	-0.016954	-0.0284336	
27	-0.0280498	0.000138013	0.0324041	0.00431536	
28	-0.0506045	0.0429157	0.0401218	-0.0129461	
29	-0.0176561	0.0226246	0.0370552	-0.058183	
30	-0.0602416	0.062703	0.0490353	0.000938532	
31	-0.033694	0.0600743	-0.00437972	-0.0352388	
32	-0.0047937	0.0531384	-0.0480963	-0.0547202	
33	0.0419559	-0.0284019	0.050099	0.0210542	
34	-0.00313137	-0.0127133	-0.0410755	-0.0086522	
35	-0.0113547	0.0569771	-0.0028758	0.00338972	
36	-0.0321752	-0.00724731	0.021994	-0.0491836	
37	-0.0168553	0.0201692	0.0149365	-0.0565973	
38	-0.000375543	0.0300291	-0.0164038	0.0226313	
39	-0.030546	0.0231959	0.0262123	0.0235226	
40	-0.00563315	-0.0775443	0.0274375	0.0231883	
41	0.0231953	-0.0404411	-0.0158462	-0.00773516	
42	0.0582534	-0.011606	-0.0458074	0.0764474	
43	-0.0105539	-0.0119173	-0.00650723	0.0977973	
44	0.00530179	-0.051097	0.0179004	0.0602998	
45	0.0372782	-0.0162085	-0.0212017	0.047915	
46	0.0470975	-0.074707	0.0291688	-0.0287679	
47	0.0318494	-0.0508371	0.0252293	0.0148403	
48	-0.0148284	-0.0537771	0.05073	0.055706	
49	-0.0214557	0.00110732	-0.0496295	0.0402357	
50	0.0308719	0.00600198	-0.00476854	0.0386672	
51	-0.0449934	0.0474991	0.0160003	0.0532462	
52	-0.067156	0.0366538	-0.00997726	0.0139577	
53	-0.0359417	0.00781862	-0.0117086	-0.0454724	
54	0.038808	0.00558794	0.00630181	-0.0624597	
55	0.0396806	-0.0264633	0.0365711	7.30542e-05	
56	0.0567347	0.00371994	0.0440246	-0.0240881	
57	0.071795	-0.00866596	0.0158462	-0.0912748	
58	0.00320316	0.0293359	0.0195143	-0.088198	
59	-0.0387693	0.0380018	-0.0438706	0.0170002	
60	-0.011929	-0.000898692	-0.0416697	0.0201458	
61	-0.027978	0.00231734	-0.0631062	0.0528861	
62	-0.0419559	0.0168473	-0.0633042	0.0965201	
63	0.0117578	0.0305138	-0.0719463	0.0111979	
64	-0.028591	0.00195465	0.00433571	0.0655967	
65	-0.0394928	0.0640864	-0.0440687	-0.0229055	
66	-0.0556467	0.0227626	-0.017695	0.0683478	
67	-0.0208095	-0.051495	0.0230651	0.0132632	
68	-0.0236924	-0.0024714	0.00755631	0.00473563	
69	-0.0356159	0.0341278	-0.0113931	0.0105293	
70	-0.0479315	-0.0403031	0.0165578	0.0166916	
71	-0.0254044	-0.0317752	0.0237693	0.0417698	
72	0.0223614	-0.0110186	-0.00181205	0.0265995	
73	0.0226541	-0.0270699	-0.00694006	-0.0238054	
74	0.0635386	-0.0102226	-0.0649622	0.0216627	
75	0.0207322	0.0394205	-0.00603037	-0.0430126	
76	0.0293918	0.0389198	-0.0106082	-0.0423526	
77	-0.00867063	0.0166579	-0.0173868	-0.0138975	
78	-0.0229081	0.0231606	-0.0783215	0.0349388	
79	0.0247914	-0.0581357	-0.061969	0.0297279	
80	-0.00986906	0.062841	-0.0506126	0.00989498	
81	-0.0735347	-0.00399597	0.0232191	-0.00620102	
82	-0.0169657	0.0148413	-0.0157289	0.0269252	
83	-0.0144308	-0.00506798	-0.0127724	-0.0253653	
84	-0.0085657	-0.0110186	0.0219573	0.00184698	
85	-0.0101618	-0.0135446	0.0152593	-0.0696508	
86	-0.00479922	-0.0318618	-0.00244296	-0.045181	
87	-0.019103	0.00546597	0.0208129	-0.0513606	
88	-0.00798582	-0.00390931	0.02038	-0.00278981	
89	-0.0140276	-0.0215686	-0.0110043	-0.0448123	
90	-0.0397082	0.0171072	-0.0163598	-0.0139147	
91	-0.00852704	0.0527917	0.0107989	-0.0405185	
92	-0.0452474	-0.0228492	0.0390213	-0.000595607	
93	-0.0268569	-0.00683327	-0.0049226	0.0271908	
94	0.0387307	-0.0122639	0.0022082	0.0191772	
95	0.0191361	0.0340059	-0.0100873	0.0340046	
96	-0.0212127	0.0256673	-0.00775438	-0.0106066	
97	0.019103	0.0147546	0.0029565	-0.025991	
98	-0.0011432	0.0546244	0.000594234	-0.00249846	
99	-0.00845525	-0.0114679	0.00244296	-0.0383586	
