0	0.394928	-0.0438754	-0.0884014	-0.0669435	
1	0.0545145	0.00992733	-0.0548236	-0.0266682	
2	-0.00606392	-0.0155153	0.0353166	0.0102293	
3	0.0251504	0.0625297	0.0230211	-0.061577	
4	-0.00280001	0.0148252	-0.0098232	0.0316222	
5	0.0348924	-0.00804329	-0.0416257	-0.004024	
6	0.0205555	0.00425595	-0.0317365	0.0473752	
7	0.028116	-0.00785392	-0.0584917	0.0321361	
8	-0.0458715	0.00899334	-0.0161544	-0.0214058	
9	0.00693651	-0.0223132	-0.0103294	0.00898653	
10	0.0104489	-0.0268452	0.00941971	-0.00524959	
11	-0.0483236	-0.00978932	0.0106375	-0.00769218	
12	-0.0108079	0.0130599	-0.00989656	0.00063858	
13	0.0224332	0.0171586	-0.0286553	0.0194771	
14	-0.0134533	0.0131979	-0.014467	0.000312844	
15	-0.0010714	0.0250286	-0.0130438	0.00894356	
16	-0.0200805	0.0507504	0.0119434	0.0591	
17	-0.014718	0.00932393	0.0127283	0.0371588	
18	0.0257689	0.0323465	-0.00556085	-0.00956925	
19	0.0047219	0.0371192	0.0194777	-0.0742962	
20	-0.0010714	0.0394718	-0.0104028	-0.0219971	
21	0.0259125	0.0338165	0.00149659	-0.026908	
22	0.013376	0.0353892	0.0130145	-0.0207801	
23	0.00588719	0.00634862	-0.0266892	-0.0497921	
24	0.0457555	-0.0271052	-0.000550216	-0.0402357	
25	0.0482187	0.00280199	-0.00244296	-0.0080523	
26	-0.000519133	0.0170045	-0.007615	-0.0342874	
27	0.0263819	-0.0135093	0.0352799	-0.0253739	
28	0.0247527	-0.0208432	0.0257795	-0.00216412	
29	0.0139614	0.0206186	-0.023652	0.0393015	
30	-0.0206549	-0.0244573	0.0180471	-0.0417183	
31	0.0218588	-0.0118306	0.00121781	0.0145748	
32	0.022759	-0.0258599	-0.00457046	0.0166916	
33	0.0328269	0.0280905	-0.016081	0.00338972	
34	0.0616554	-0.0127999	-0.0752109	-0.00278122	
35	0.0506045	-0.0198065	-0.0269166	-0.0798758	
36	-0.00519686	0.00897729	0.0161617	-0.0136147	
37	0.00410889	0.00498132	0.0129704	-0.030645	
38	-0.0030651	-0.00598593	-0.0407527	0.0308934	
39	0.00305957	-0.00679796	-0.0139535	0.00958644	
40	-0.000745564	0.00511933	0.011041	-0.0309707	
41	0.0104103	0.0277792	-0.000550216	-0.0588001	
42	-0.0121555	0.00165937	-0.0467831	-0.0384188	
43	0.00964815	-0.0590537	-0.0265644	0.0426697	
44	-0.013017	0.00150531	0.0534884	-0.0179258	
45	0.0130943	0.0019033	0.000784975	0.0198286	
46	0.00197712	-0.0147193	0.0249872	0.0114807	
47	0.0172142	-0.0237158	-0.00917761	-0.0316136	
48	0.0217097	-0.0145299	0.0134033	-0.0544632	
49	-0.0306233	0.0400078	-0.0122148	-0.0062268	
50	0.00889154	0.0228845	-0.0110777	-0.0170087	
51	0.0633232	-0.0196493	0.00236226	-0.0374158	
52	0.0207322	-0.055905	-0.0113124	-0.012072	
53	-0.00928917	-0.0340412	-0.0442667	0.0671394	
54	0.0472467	-0.011346	0.0222654	-0.0277993	
55	0.0630305	-0.00359798	-0.00571491	0.0222712	
56	0.0325397	0.0338165	-0.00378549	0.0133148	
57	0.0389792	0.0453005	-0.0200572	0.00520662	
58	0.00595899	-0.0174699	0.0336219	0.00496683	
59	0.0271827	-0.0419625	0.00259702	0.00405838	
60	0.0507922	-0.0312905	0.0104835	-0.00369826	
61	0.0173302	0.0117279	0.0550657	-0.0256652	
62	0.00599212	0.0248906	-0.0137554	-1.28919e-05	
63	0.00255701	-0.00760999	-0.00828259	0.00374983	
64	-0.0482573	0.0287132	0.00567823	0.0256652	
65	0.0617603	-0.0404764	0.00903089	-0.0117892	
66	0.0183409	0.0348018	-0.038904	-0.00496683	
67	-0.00381618	0.0685156	-0.00225222	-0.0383243	
68	0.0086375	-0.0127999	0.0594821	-0.0337218	
69	0.000381066	0.0405278	-0.00283912	0.0266167	
70	0.0243937	0.00870126	-0.0380823	0.0241655	
71	-0.0307614	0.0253238	0.0169467	-0.00152125	
72	-0.014105	0.00968661	0.0614922	-0.0188686	
73	-0.036124	0.000311333	-0.0181718	-0.00433255	
74	-0.0181255	0.0352865	0.00327195	-0.00711806	
75	0.012658	-0.0181793	-0.00642653	0.00712666	
76	0.0481137	-0.0619584	-0.0153767	0.000955721	
77	0.028591	-0.00773196	-0.0307461	-0.000621391	
78	-0.0378249	-0.00631331	-0.0272394	-0.00184698	
79	0.00378857	-0.00565534	-0.00130585	0.0213886	
80	-0.0188158	-0.0349238	-0.00468784	0.00368967	
81	-0.00157397	0.0559917	0.0216785	-0.00617523	
82	-0.0251504	0.00679796	-0.00189274	-0.0188686	
83	-0.00512506	0.057375	-0.0133226	0.0225798	
84	-0.0051582	0.0150146	-0.018766	-0.0219455	
85	-0.0269563	0.0480704	-0.0397403	-0.0352216	
86	0.00382171	-0.0152906	0.00677867	0.0195029	
87	0.0032363	-0.0438497	-0.00673465	-0.0189202	
88	0.00816807	-0.0203586	-0.00863473	-0.0414441	
89	-0.0578502	-0.0135606	0.0106008	-0.00616664	
90	-0.0206217	-0.0138719	0.00236226	-0.0157574	
91	-0.0377145	0.0076806	-0.0124202	-0.0482407	
92	-0.0446676	-0.00996264	0.0295209	0.00714385	
93	-0.00624065	0.00420459	-0.0352872	0.0294538	
94	0.0230462	0.0146326	0.0227496	-0.0303622	
95	-0.0326115	0.00733397	0.0147825	0.0278423	
96	0.0321752	-0.0100846	0.0202626	-0.00650956	
97	0.0275803	0.0905175	0.026249	0.0312792	
98	0.0327938	-0.00560399	0.0260142	0.0269338	
99	-0.0051582	-0.00809465	0.0287727	-0.0219455	
