0	-0.0364111	0.0349238	-0.00323527	-0.00368967	
1	-0.0514826	-0.0129219	-0.0105201	0.0237882	
2	0.00950456	0.0521338	-0.0256988	-0.011155	
3	-0.0548845	0.0287132	-0.012809	0.0318534	
4	0.00744459	0.0086146	-0.022038	-0.0194685	
5	-0.0339149	0.0176432	-0.031377	0.00494964	
6	0.0183464	-0.00729866	0.0448536	0.0411871	
7	0.0151929	-0.0207566	0.00181205	-0.00494105	
8	0.0377918	0.0361691	-0.0521532	0.0161089	
9	-0.0276521	0.0372925	0.0428509	0.0408184	
10	0.0344948	-0.0914162	0.00867141	0.0553889	
11	0.0682108	-0.00920196	-0.00611107	-0.0111292	
12	0.00291046	0.00494601	-0.0519478	0.00552376	
13	0.0162422	-0.0234205	-0.034649	0.00742661	
14	-0.0190312	0.0394205	0.0150979	-0.0399186	
15	-0.00128679	-0.0132846	-0.0170274	0.0519691	
16	0.0171866	0.00448062	-0.0312229	0.062837	
17	0.0380072	-0.0295092	-0.0111951	-0.0764216	
18	-0.00501461	0.0280392	0.0411122	-0.0454724	
19	0.0172198	0.00639997	0.0164771	0.0485751	
20	0.0144363	0.00340861	-0.00118847	-0.00273824	
21	-0.00277239	-0.0104826	0.0227863	-0.0102293	
22	0.0207653	-0.0308765	-0.0164331	0.0788642	
23	0.00265642	0.0472551	-0.0394909	0.05688	
24	0.0523883	-0.0720943	0.0224635	0.0182945	
25	0.0394541	-0.0845669	0.0367398	-0.0213628	
26	-0.0412269	-0.0571151	-0.011041	0.0371588	
27	0.0420995	-0.0067113	-0.0115105	-0.021037	
28	0.00302091	-0.105272	0.0632309	-0.000647175	
29	0.0300766	-0.0076453	-0.00717482	-0.0405271	
30	0.0651291	0.0112946	-0.0337393	-0.0334391	
31	-0.0203732	0.0176946	-0.0648008	0.00740082	
32	-0.0104821	-0.0299585	-0.0122221	0.0380759	
33	-0.0535425	-0.0564411	0.00634583	0.0309449	
34	-0.0328656	-0.0110186	-0.00445308	0.0111292	
35	-0.00526865	0.0385731	-0.02038	-0.0157746	
36	-0.0452861	0.00288865	-0.0105642	-0.00154703	
37	0.0274368	0.0254972	0.0112684	0.0114893	
38	0.0247914	-0.0119173	0.00405693	0.00806949	
39	0.0258352	-0.0129219	-0.0369305	0.0299763	
40	0.0623402	0.00418534	-0.0295209	0.0207027	
41	0.0342021	-0.0262578	0.0164405	0.00678373	
42	0.0208095	-0.0611624	0.00598635	0.0176774	
43	-0.0184513	-0.00257732	0.000315457	0.00494964	
44	-0.0197878	0.00581261	-0.0222361	0.0767645	
45	0.00613571	0.00902864	-0.0383904	0.0012127	
46	-0.00367259	-0.0311172	-0.0216052	-0.00925211	
47	-0.00526865	-0.0220886	-0.0124569	0.0182601	
48	0.0147953	0.0258599	-0.029763	-0.0414441	
49	0.00689785	0.0380885	-0.00445308	-0.0600343	
50	-0.0164245	0.0303565	-0.0404813	-0.0188858	
51	-0.0195006	8.66596e-05	0.00244296	-0.0321705	
52	0.00468877	0.0323112	0.00611107	-0.0631283	
53	0.0347046	0.0294386	0.0318979	0.00952627	
54	0.00230296	3.53057e-05	-0.00903089	0.052012	
55	0.0176174	0.0348885	0.0137187	-0.0417784	
56	0.0215219	0.014286	0.0182598	-0.044007	
57	0.0134533	0.0330205	-0.056841	-0.0436297	
58	0.026277	-0.00316468	-0.0621671	0.0424213	
59	-0.0378967	0.0377258	-0.0188834	0.00836944	
60	0.0222896	0.0359092	0.00126183	-0.000312844	
61	0.00135858	-0.001868	-0.00717482	0.061577	
62	-0.00823986	0.0643977	-0.0490353	0.023814	
63	0.0384048	0.0943049	0.0256621	-0.0461067	
64	0.0134864	0.00894198	0.0146284	-0.0176688	
65	-0.02689	0.0287999	-0.00772504	0.0259824	
66	-0.0268513	-0.0229359	0.010168	0.00527538	
67	-0.0430052	-0.0353731	0.0814394	-0.0117635	
68	-0.0111006	-0.0286618	0.0454112	-0.0324962	
69	-0.0063511	-0.0386758	-0.023696	0.0232484	
70	0.0775552	-0.0533791	-0.00197344	-0.0364902	
71	-0.00327496	0.000259979	0.017893	-0.0593828	
72	0.00715741	-0.00876866	0.00874477	-0.03739	
73	5.5227e-05	-0.00600198	0.0126917	0.0294022	
74	-0.0125476	-0.0111566	-0.0527034	0.0269252	
75	-0.00578226	0.0208593	-0.0131979	-0.0365675	
76	-0.00878109	0.0171072	0.0443841	0.00155563	
77	0.017148	-0.00155666	-0.0438339	0.0123805	
78	9.38858e-05	0.0433651	-0.0460054	0.0117892	
79	-0.0242778	-0.01081	-0.0218032	0.00962941	
80	-0.00370573	-0.00992733	0.0125669	-0.0383071	
81	-0.0283314	0.0330911	-0.0247231	0.0480181	
82	0.00809075	0.0195626	-0.0497029	0.0216284	
83	-0.023593	0.0523937	-0.0553444	-0.034956	
84	0.00740593	-0.00608864	-0.0108796	-0.0297021	
85	0.027978	0.0265692	0.0102854	0.002807	
86	0.0766826	-0.00110732	0.015296	-0.0464238	
87	0.0527859	0.0170559	-0.0648082	-0.0689649	
88	0.0132379	0.0409258	-0.00800381	-0.0284508	
89	0.0198596	0.0136986	0.0297264	-0.0189116	
90	0.0267464	-0.0360472	-0.00197344	0.0068267	
91	-0.0472798	0.0152039	-0.00658059	0.0265909	
92	-0.0201523	-0.0438658	0.0255814	-0.0389757	
93	0.0106643	-0.0434164	0.00283912	0.0290764	
94	-0.0138951	0.0323272	0.0318979	0.0373728	
95	-0.017761	0.0300805	-0.0551097	0.00651816	
96	0.047926	0.00441001	-0.068623	0.0237882	
97	-0.0302533	-0.0592944	-0.0211723	-0.00522381	
98	-0.0106312	-0.0528784	0.0263737	-2.14865e-05	
99	0.0066438	0.0312905	-0.0368938	-0.0303364	
