0	0.016314	-0.0125753	-0.0430049	0.0219627	
1	0.0326115	0.00710929	-0.0174235	-0.00308976	
2	-0.00773177	-0.0115546	0.0633849	-0.0293936	
3	-0.0127298	0.00155666	0.0543981	-4.29731e-06	
4	-0.0182028	-0.060559	0.00181938	0.0466722	
5	-0.0113547	-0.00946194	0.0156115	0.0281422	
6	0.0362675	0.00115867	-0.0249505	-0.0130062	
7	0.052206	0.064831	-0.0236153	0.0346819	
8	-0.00736728	-0.0369812	0.0155675	0.0182773	
9	0.0192466	-0.0242165	0.0364243	0.00308117	
10	-0.0114983	-0.00515464	-0.0337026	-0.0225884	
11	-0.00121499	-0.0197712	0.00895019	-0.038693	
12	-0.0375709	0.0033733	0.0104835	-0.0470151	
13	0.0693319	-0.064571	-0.00867141	-0.0553889	
14	0.0173689	-0.0371192	0.0465483	0.0278852	
15	-0.0391283	-0.0306679	0.0428068	-0.0185515	
16	0.0179101	0.0188372	0.0508473	-0.0395842	
17	-0.0117854	0.000571311	-0.0319712	-0.00028706	
18	0.0443086	0.0481731	0.0333871	0.00371545	
19	0.0545587	0.0316372	-0.0112758	-0.0105035	
20	-0.0328656	0.066975	-0.0308635	-0.0167174	
21	-0.0513721	0.0299585	-0.0141882	-0.00713525	
22	-0.0157728	-0.0325712	-0.018722	0.0498006	
23	-0.0179819	0.00209267	-0.0319272	-0.00898653	
24	-0.0108466	0.0127999	-0.00137921	-0.0157832	
25	-0.0555362	-0.0123506	0.00240628	0.0343303	
26	0.023488	-0.00738532	-0.0421026	0.0687165	
27	0.0279393	-0.0227979	0.000315457	-0.0228969	
28	-0.00476056	0.00306197	0.0312963	0.0269338	
29	0.0274312	0.0213792	-0.0407967	0.00246408	
30	0.0175456	-0.00484331	-0.0307461	-0.00990358	
31	-0.0128347	-0.0140966	-0.0192796	0.0430384	
32	0.00758818	-0.0332452	-0.0308268	0.0436383	
33	0.0179819	0.0296825	-0.00768836	-0.0343303	
34	0.00743907	-0.0128352	-0.0239234	-0.0315878	
35	0.0105925	0.00351132	0.077221	-0.0102121	
36	-0.00788089	-0.0171425	0.0597242	0.0191428	
37	-0.0380735	-0.0234366	0.0214364	0.0183117	
38	0.0112442	-0.0247525	0.0223901	0.0120634	
39	0.0101231	0.0363938	0.0460788	-0.0086522	
40	0.0277239	-0.000449346	-0.0168733	0.00775234	
41	0.00208206	0.0529297	-0.0360282	-0.0191858	
42	0.0469871	-0.00492997	-0.0463942	0.0176258	
43	-0.0316009	-0.0331425	0.0502238	0.0299763	
44	0.0121886	0.000259979	0.0390213	0.0148747	
45	9.38858e-05	0.0202559	0.0358668	-0.0315276	
46	-0.00494281	-0.0159999	0.0776539	-0.0525948	
47	0.021058	0.0657297	-0.0268432	-0.00866939	
48	0.00892468	-0.0300805	-0.0109163	-0.0281766	
49	0.0325011	-0.0155506	-0.05073	0.0185515	
50	-0.0501019	0.058171	0.0265278	-0.0102035	
51	0.00154083	-0.00880397	0.0151346	-0.0321619	
52	0.00450652	-0.0820762	0.0234172	0.0275165	
53	0.0138841	0.0316532	0.014511	0.0250224	
54	0.0139282	0.0215879	-0.0423006	-0.0299763	
55	0.0410889	-0.00956465	-0.0416697	-0.0417355	
56	0.0255866	0.0450598	-0.0199472	0.0315706	
57	-0.0266691	0.0076806	0.0430416	0.00435833	
58	0.0341689	-0.0339545	0.000432837	-0.00680092	
59	0.0382612	-0.0371545	-0.0632676	-0.00710947	
60	-0.0541611	0.0575131	-0.00996992	-0.0396272	
61	-0.0128016	-0.0121773	0.0284205	-0.00216412	
62	0.0178052	0.0349591	0.0379136	-0.00582371	
63	-0.0114265	0.00280199	0.0213264	-0.0173345	
64	-0.00617437	-0.0237319	-0.00591299	0.0164002	
65	-0.0734574	-0.00925332	0.0748514	0.00807808	
66	-0.0476001	-0.00121002	0.00027144	-0.0018212	
67	0.0476774	0.0161732	0.0223094	0.0222884	
68	0.0236316	-0.00880397	0.038904	0.0482837	
69	0.0337326	-0.0424824	0.0249138	0.023814	
70	0.0247141	-0.0442124	0.0237327	-0.024774	
71	0.023234	-0.0228492	0.00996992	-0.022254	
72	0.00288285	-0.0304079	-0.0264544	0.0288109	
73	-0.0169271	0.00932393	-0.00839997	-0.0247224	
74	0.0111393	-0.00285335	0.0332257	-0.0315276	
75	0.00403709	0.0114679	0.0345316	-0.0358989	
76	0.00551717	0.0305459	0.0113198	-0.0198544	
77	0.0348261	0.00833858	0.0214364	-0.0188171	
78	0.0170762	0.00204131	0.0543174	0.000938532	
79	-0.00200474	-0.0264119	0.0189935	0.0149005	
80	-0.00960949	-0.0244573	-0.000440173	0.0449155	
81	-0.0186281	0.0373631	-0.0306727	0.0117978	
82	-0.0307283	0.0214659	0.00126183	-0.0374416	
83	-0.0637595	-0.0062106	0.0247597	-0.00932086	
84	0.0127629	-0.0516331	-0.00669797	0.00740082	
85	0.0124371	-0.0172806	0.019397	-0.0300365	
86	0.00935545	0.00321603	0.0445895	-0.0152176	
87	-0.00613571	-0.0494698	0.00141589	-0.0290593	
88	0.00726234	0.00977327	-0.0100139	0.0371416	
89	0.025802	0.0111566	-0.0106815	-0.00217272	
90	0.0125476	-0.000397992	-0.0370919	-0.014549	
91	0.0312364	-0.0223132	-0.0182525	0.0213628	
92	-0.0315953	-0.00302667	0.0204167	0.00187277	
93	-0.0550999	-0.0153773	0.025464	-0.017943	
94	0.0146462	-0.0432784	0.022038	0.0287507	
95	-0.0253713	0.0683583	-0.0156848	0.0553545	
96	-0.0465232	-0.0465137	0.0254714	0.0274821	
97	-0.0186336	0.00435866	0.0493141	0.0182429	
98	-0.0376096	-0.0228845	0.0110777	-0.0139319	
99	0.00371125	0.00249066	-0.0212457	-0.0393015	
